100 145 371 473 208 512 259 578 54 138
108 382 65 142 376 3 467 303 97 349 463 268 316 378 24 284 409 352 332 341 581 110
111 124 168 333 326 251 259 578 54 138
116 261 371 473 208 512 259 578 54 138
119 22 568 241 560 370 38 8 516 483 179 340 554 557 317
129 146 199 383 438 573 581 110
13 574 5 464 276 112 134 271 123 127 220 145 371 473 208 512 25 437 513 273
130 459 291 475 140 175 416 67 142 376 3 467 303 97 349 463 268 316 378 24 284 409 352 332 341 581 110
131 162 531 179 340 554 557 317
132 112 134 271 123 127 220 145 371 473 208 512 259 578 54 138
139 1 207 107 486 95 507 251 259 578 54 138
144 496 533 231 458 346 360 199 383 438 573 581 110
147 205 51 443 404 267 117 369 262 579 302 569 330 531 179 573 581 110
148 423 36 146 199 383 438 573 581 110
149 280 481 447 15 372 175 416 67 142 376 3 467 303 97 349 463 268 316 378 24 284 409 352 332 341 581 110
150 50 302 569 330 531 179 340 554 557 317
16 262 579 302 569 330 531 179 340 554 557 317
161 404 267 117 369 262 579 302 569 330 531 179 340 554 557 317
171 127 220 145 371 473 208 512 259 578 54 138
174 349 463 268 246 326 251 25 437 513 273
190 451 405 8 289 196 350 355
195 176 384 210 212 235 127 220 145 371 473 208 512 259 578 54 138
200 152 8 516 483 179 340 554 557 317
201 431 443 404 267 117 369 262 579 302 569 330 531 179 340 554 557 317
214 349 463 268 246 326 251 25 437 513 273
236 486 95 507 251 259 578 54 138
263 445 271 123 127 220 145 371 473 208 512 259 578 54 138
266 276 112 134 271 123 127 220 145 371 473 208 512 259 578 54 138
27 460 85 311 488 370 38 8 516 483 179 340 554 557 317
278 153 137 256 475 140 175 416 67 142 376 3 467 303 97 349 463 268 316 378 24 284 409 352 332 341 581 110
279 211 115 1 207 107 486 95 507 251 259 578 54 138
286 381 74 450 235 127 220 145 371 473 208 512 259 578 54 138
287 267 117 369 262 579 302 569 330 531 179 340 554 557 317
294 349 463 268 246 326 251 25 437 513 273
299 488 370 38 8 516 483 179 340 554 557 317
305 134 271 123 127 220 145 371 473 208 512 259 578 54 138
312 285 280 481 447 15 372 175 416 67 142 376 3 467 303 97 349 463 268 316 378 24 284 409 352 332 341 581 110
313 5 464 276 112 134 271 123 127 220 145 371 473 208 512 25 437 513 273
315 2 72 162 531 179 340 554 557 317
322 371 473 208 512 259 578 54 138
335 9 153 137 256 475 140 175 416 67 142 376 3 467 303 97 349 463 268 316 378 24 284 409 352 332 341 581 110
336 485 216 449 382 65 142 376 3 467 303 97 349 463 268 316 378 24 284 409 352 332 341 581 110
362 140 175 416 67 142 376 3 467 303 97 349 463 268 246 326 251 259 578 54 138
367 230 207 107 486 95 507 251 259 578 54 138
373 275 41 532 356 209 23 231 458 346 360 199 383 438 573 581 110
377 568 241 560 370 38 8 289 196 350 355
388 481 447 15 372 175 416 67 142 376 3 467 303 97 349 463 268 316 378 24 284 409 352 332 341 581 110
389 72 162 531 179 340 554 557 317
393 378 168 333 326 251 25 437 513 273
397 425 93 349 463 268 316 378 24 284 409 352 332 341 581 110
399 22 568 241 560 370 38 8 516 483 179 340 554 557 317
4 221 71 98 41 532 356 233 224 227 169 535 246 326 251 25 437 513 273
412 244 384 210 212 235 127 220 145 371 473 208 512 259 578 54 138
42 274 152 8 516 483 179 340 554 557 317
420 579 302 569 330 531 179 340 554 557 317
421 3 467 303 97 349 463 268 246 326 251 25 437 513 273
426 547 470 274 152 8 516 483 179 340 554 557 317
427 97 349 463 268 246 326 251 25 437 513 273
429 220 145 371 473 208 512 259 578 54 138
430 532 356 209 23 231 458 346 360 199 383 438 573 581 110
433 38 8 289 196 350 355
440 416 67 142 376 3 467 303 97 349 463 268 316 378 24 284 409 352 332 341 581 110
441 158 445 271 123 127 220 145 371 473 208 512 259 578 54 138
45 511 211 115 1 207 107 486 95 507 251 259 578 54 138
456 449 382 65 142 376 3 467 303 97 349 463 268 316 378 24 284 409 352 332 341 581 110
462 71 98 41 532 356 209 23 231 458 346 360 199 383 438 573 581 110
469 450 235 127 220 145 371 473 208 512 259 578 54 138
482 376 3 467 303 97 349 463 268 246 326 251 25 437 513 273
490 539 431 443 404 267 117 369 262 579 302 569 330 531 179 573 581 110
492 227 169 535 246 326 251 25 437 513 273
494 105 539 431 443 404 267 117 369 262 579 302 569 330 531 179 573 581 110
52 370 38 8 289 196 350 355
525 246 326 251 25 437 513 273
542 127 220 145 371 473 208 512 259 578 54 138
545 169 535 246 326 251 25 437 513 273
565 46 361 352 332 341 581 110
57 93 349 463 268 246 326 251 25 437 513 273
62 22 568 241 560 370 38 8 516 483 179 340 554 557 317
63 98 41 532 356 209 23 231 458 346 360 199 383 438 573 581 110
68 405 8 289 196 350 355
